1978 07     91.650      3.600 ALE 
1978 08     89.820      3.110 ALE 
1978 09     86.750      3.240 ALE 
1978 10     87.620      2.900 ALE 
1978 11     89.330      3.380 ALE 
1978 12     95.840      3.600 ALE 
1979 01     91.610      4.040 ALE 
1979 02     93.500      3.750 ALE 
1979 03     93.340      4.550 ALE 
1979 04     95.860      4.560 ALE 
1979 05     96.810      4.250 ALE 
1979 06     97.150      4.590 ALE 
1979 07     94.260      4.790 ALE 
1979 08     95.200      4.440 ALE 
1979 09     95.580      4.120 ALE 
1979 10     99.930      4.280 ALE 
1979 11    100.190      5.370 ALE 
1979 12    101.500      5.500 ALE 
1980 01    102.450      5.720 ALE 
1980 02    101.170      4.940 ALE 
1980 03    104.830      5.320 ALE 
1980 04    106.990      5.380 ALE 
1980 05    108.790      5.240 ALE 
1980 06    106.890      5.550 ALE 
1980 07    107.420      4.260 ALE 
1980 08    103.990      3.860 ALE 
1980 09    102.330      3.550 ALE 
1980 10    104.480      3.810 ALE 
1980 11    106.880      4.100 ALE 
1980 12    106.830      4.160 ALE 
1981 01    105.490      4.940 ALE 
1981 02    106.490      3.950 ALE 
1981 03    107.370      4.710 ALE 
1981 04    109.560      4.180 ALE 
1981 05    110.820      3.630 ALE 
1981 06    110.340      3.580 ALE 
1981 07    107.930      5.180 ALE 
1981 08    108.370      4.680 ALE 
1981 09    109.270      4.540 ALE 
1981 10    110.720      4.680 ALE 
1981 11    110.650      4.590 ALE 
1981 12    112.580      4.650 ALE 
1982 01    109.140      5.070 ALE 
1982 02    109.680      4.110 ALE 
1982 03    113.950      5.280 ALE 
1982 04    116.590      4.450 ALE 
1982 05    114.400      5.170 ALE 
1982 06    114.610      3.920 ALE 
1982 07    114.390      5.140 ALE 
1982 08    110.710      4.270 ALE 
1982 09    110.800      4.660 ALE 
1982 10    114.820      4.420 ALE 
1982 11    116.930      3.510 ALE 
1982 12    115.740      4.270 ALE 
1983 01    113.920      4.010 ALE 
1983 02    115.270      3.660 ALE 
1983 03    116.300      3.120 ALE 
1983 04    118.930      3.400 ALE 
1983 05    122.270      3.940 ALE 
1983 06    118.880      3.970 ALE 
1983 07    116.750      2.940 ALE 
1983 08    116.490      2.920 ALE 
1983 09    114.520      3.440 ALE 
1983 10    115.960      3.790 ALE 
1983 11    118.930      3.310 ALE 
1983 12    119.860      3.130 ALE 
1987 01    127.260      2.030 GAGE 
1987 02    127.150      1.380 GAGE 
1987 03    126.080      3.680 GAGE 
1987 04    128.630      1.880 GAGE 
1987 05    132.370      2.640 GAGE 
1987 06    134.510      2.470 GAGE 
1987 07    132.600      2.640 GAGE 
1987 08    130.180      1.730 GAGE 
1987 09    129.990      1.540 GAGE 
1987 10    133.730      1.730 GAGE 
1987 11    136.060      3.150 GAGE 
1987 12    136.020      3.350 GAGE 
1988 01    136.350      3.340 GAGE 
1988 02    138.130      3.250 GAGE 
1988 03    138.120      4.500 GAGE 
1988 04    141.710      3.130 GAGE 
1988 05    143.600      2.300 GAGE 
1988 06    142.960      1.950 GAGE 
1988 07    142.620      1.890 GAGE 
1988 08    137.260      2.200 GAGE 
1988 09    137.730      2.590 GAGE 
1988 10    142.570      2.990 GAGE 
1988 11    142.580      2.890 GAGE 
1988 12    141.810      3.150 GAGE 
1989 01    139.470      3.180 GAGE 
1989 02    141.730      2.860 GAGE 
1989 03    141.010      3.210 GAGE 
1989 04    146.500      1.960 GAGE 
1989 05    146.290      2.180 GAGE 
1989 06    146.020      1.700 GAGE 
1989 07    144.360      2.250 GAGE 
1989 08    142.760      2.230 GAGE 
1989 09    143.320      1.010 GAGE 
1989 10    144.070      1.660 GAGE 
1989 11    146.490      3.360 GAGE 
1989 12    149.040      2.590 GAGE 
1990 01    146.880      3.770 GAGE 
1990 02    148.450      2.590 GAGE 
1990 03    149.070      3.640 GAGE 
1990 04    151.830      3.260 GAGE 
1990 05    155.660      3.580 GAGE 
1990 06    156.010      3.080 GAGE 
1990 07    149.080      2.640 GAGE 
1990 08    149.600      3.170 GAGE 
1990 09    150.450      1.970 GAGE 
1990 10    151.530      2.360 GAGE 
1990 11    154.600      2.330 GAGE 
1990 12    154.770      2.230 GAGE 
1991 01    150.670      2.320 GAGE 
1991 05    153.020      2.700 GAGE 
1991 06    154.530      2.220 GAGE 
1991 07    151.910      3.130 GAGE 
1991 08    150.880      3.570 GAGE 
1991 12    153.320      5.190 GAGE 
1992 01    151.750      2.740 GAGE 
1992 02    151.640      3.190 GAGE 
1992 03    151.250      3.740 GAGE 
1992 04    152.570      3.160 GAGE 
1992 05    152.600      2.500 GAGE 
1992 06    152.260      2.740 GAGE 
1992 07    150.200      2.210 GAGE 
1992 08    149.200      1.990 GAGE 
1992 09    147.700      2.900 GAGE 
1992 10    149.000      3.040 GAGE 
1992 11    147.740      3.570 GAGE 
1992 12    147.230      4.030 GAGE 
1993 01    146.260      2.030 GAGE 
1993 02    144.370      1.990 GAGE 
1993 03    145.610      2.250 GAGE 
1993 04    145.830      2.860 GAGE 
1993 05    145.860      3.170 GAGE 
1993 06    142.060      3.290 GAGE 
1993 07    138.050      2.880 GAGE 
1993 08    135.390      2.270 GAGE 
1993 09    133.830      2.020 GAGE 
1993 10    134.670      1.980 GAGE 
1993 11    130.520      1.720 GAGE 
1993 12    131.150      1.980 GAGE 
1994 01    130.430      2.600 GAGE 
1994 02    129.970      2.560 GAGE 
1994 03    128.600      2.360 GAGE 
1994 04    129.000      2.240 GAGE 
1994 05    129.510      1.910 GAGE 
1994 06    125.210      1.550 GAGE 
1994 03    130.690      1.840 GAGE 
1994 04    130.800      1.780 GAGE 
1994 05    130.590      1.180 GAGE 
1994 06    127.160      1.310 GAGE 
1994 07    124.460      1.360 GAGE 
1994 08    121.380      1.190 GAGE 
1994 09    119.440      1.560 GAGE 
1994 10    120.120      1.220 GAGE 
1994 11    119.650      2.100 GAGE 
1994 12    118.240      1.760 GAGE 
1995 01    117.180      1.690 GAGE 
1995 02    116.640      1.520 GAGE 
1995 03    116.620      1.520 GAGE 
1995 04    116.410      1.550 GAGE 
1995 05    115.240      1.430 GAGE 
1995 06    112.630      1.700 GAGE 
1995 07    109.770      2.050 GAGE 
1995 08    106.850      1.560 GAGE 
1995 09    106.130      1.290 GAGE 
1995 10    105.050      0.930 GAGE 
1995 11    104.980      1.010 GAGE 
1995 12    104.510      1.210 GAGE 
1996 01    103.080      0.750 GAGE 
1996 02    102.420      0.840 GAGE 
1996 03    101.080      0.850 GAGE 
1996 04    100.010      0.970 GAGE 
1996 05     99.350      1.220 GAGE 
1996 06     96.890      1.060 GAGE 
1996 07     93.860      1.660 GAGE 
1996 08     92.300      0.970 GAGE 
1996 09     90.120      1.170 GAGE 
1996 10     89.020      0.850 GAGE 
1996 11     88.390      0.730 GAGE 
1996 12     87.730      0.780 GAGE 
1997 01     86.760      1.310 GAGE 
1997 02     85.610      0.820 GAGE 
1997 03     84.710      0.910 GAGE 
1997 04     83.710      1.140 GAGE 
1997 05     82.930      0.950 GAGE 
1997 06     81.320      1.020 GAGE 
1997 07     78.360      0.960 GAGE 
1997 08     76.510      0.980 GAGE 
1997 09     75.270      0.760 GAGE 
1997 10     74.160      0.690 GAGE 
1997 11     73.480      0.630 GAGE 
1997 12     72.980      0.550 GAGE 
1998 01     72.330      0.640 GAGE 
1998 02     71.420      0.510 GAGE 
1998 03     70.500      0.720 GAGE 
1998 04     69.960      0.620 GAGE 
1998 05     68.760      0.790 GAGE 
1998 06     67.370      0.990 GAGE 
1998 07     65.590      0.700 GAGE 
1998 08     63.900      0.640 GAGE 
1998 09     62.960      0.640 GAGE 
1998 10     62.060      0.730 GAGE 
1998 11     61.540      0.590 GAGE 
1998 12     60.660      1.060 GAGE 
1999 01     60.220      0.780 GAGE 
1999 02     59.490      0.680 GAGE 
1999 03     59.010      0.670 GAGE 
1999 04     58.310      0.620 GAGE 
1999 05     57.170      0.770 GAGE 
1999 06     56.020      0.640 GAGE 
1999 07     54.290      0.530 GAGE 
1999 08     53.040      0.520 GAGE 
1999 09     52.150      0.490 GAGE 
1999 10     51.790      0.560 GAGE 
1999 11     51.060      0.520 GAGE 
1999 12     50.740      0.550 GAGE 
2000 01     50.220      0.530 GAGE 
2000 02     49.750      0.510 GAGE 
2000 03     49.040      0.600 GAGE 
2000 04     48.960      0.440 GAGE 
2000 05     48.220      0.490 GAGE 
2000 06     47.360      0.660 GAGE 
2000 07     45.620      0.920 GAGE 
2000 08     44.830      0.510 GAGE 
2000 09     44.000      0.500 GAGE 
2000 10     43.390      0.590 GAGE 
2000 11     42.990      0.540 GAGE 
2000 12     42.700      0.520 GAGE 
2001 01     42.520      0.640 GAGE 
2001 02     41.710      0.530 GAGE 
2001 03     41.560      0.550 GAGE 
2001 04     40.930      0.520 GAGE 
2001 05     40.200      0.570 GAGE 
2001 06     39.310      0.540 GAGE 
2001 07     38.290      0.640 GAGE 
2001 08     37.240      0.520 GAGE 
2001 09     36.500      0.540 GAGE 
2001 10     36.060      0.500 GAGE 
2001 11     35.710      0.810 GAGE 
2001 12     35.500      0.850 GAGE 
2002 01     35.200      0.860 GAGE 
2002 02     34.900      0.930 GAGE 
2002 03     34.720      0.640 GAGE 
2002 04     34.260      0.530 GAGE 
2002 05     33.690      0.510 GAGE 
2002 06     32.570      0.550 GAGE 
2002 07     31.760      0.580 GAGE 
2002 08     30.830      0.520 GAGE 
2002 09     30.550      0.440 GAGE 
2002 10     30.090      0.480 GAGE 
2002 11     29.620      0.480 GAGE 
2002 12     29.540      0.450 GAGE 
2003 01     29.330      0.470 GAGE 
2003 02     29.340      0.470 GAGE 
2003 03     29.220      0.450 GAGE 
2003 04     28.750      0.450 GAGE 
2003 05     28.290      0.510 GAGE 
2003 06     27.670      0.410 GAGE 
2003 07     26.920      0.430 GAGE 
2003 08     26.150      0.470 GAGE 
2003 09     25.770      0.400 GAGE 
2003 10     25.370      0.400 GAGE 
2003 11     25.090      0.450 GAGE 
2003 12     24.810      0.400 GAGE 
2004 01     24.600      0.430 GAGE 
2004 02     24.410      0.410 GAGE 
2004 03     24.230      0.460 GAGE 
2004 04     23.860      0.430 GAGE 
2004 05     23.460      0.440 GAGE 
2004 06     22.710      0.440 GAGE 
2004 07     22.120      0.420 GAGE 
2004 08     21.530      0.390 GAGE 
2004 09     21.080      0.480 GAGE 
2004 10     20.920      0.410 GAGE 
2004 11     20.670      0.470 GAGE 
2004 12     20.430      0.410 GAGE 
2005 01     20.240      0.470 GAGE 
2005 02     20.100      0.350 GAGE 
2005 03     19.900      0.370 GAGE 
2005 04     19.810      0.360 GAGE 
2005 05     19.480      0.390 GAGE 
2005 06     19.010      0.320 GAGE 
2005 07     18.530      0.340 GAGE 
2005 08     18.270      0.420 GAGE 
2005 09     17.890      0.400 GAGE 
2005 10     17.690      0.440 GAGE 
2005 11     17.480      0.380 GAGE 
2005 12     17.200      0.370 GAGE 
2006 01     17.140      0.360 GAGE 
2006 02     16.930      0.320 GAGE 
2006 03     16.800      0.380 GAGE 
2006 04     16.630      0.350 GAGE 
2006 05     16.370      0.360 GAGE 
2006 06     16.050      0.350 GAGE 
2006 07     15.570      0.360 GAGE 
2006 08     15.090      0.330 GAGE 
2006 09     14.830      0.360 GAGE 
2006 10     14.670      0.280 GAGE 
2006 11     14.510      0.310 GAGE 
2006 12     14.360      0.410 GAGE 
2007 01     14.230      0.450 GAGE 
2007 02     14.120      0.410 GAGE 
2007 03     14.060      0.430 GAGE 
2007 04     14.010      0.390 GAGE 
2007 05     13.640      0.360 GAGE 
2007 06     13.320      0.360 GAGE 
2007 07     12.990      0.330 GAGE 
2007 08     12.620      0.330 GAGE 
2007 09     12.360      0.290 GAGE 
2007 10     12.260      0.320 GAGE 
2007 11     12.090      0.370 GAGE 
2007 12     12.050      0.460 GAGE 
2008 01     11.940      0.460 GAGE 
2008 02     11.910      0.430 GAGE 
2008 03     11.770      0.450 GAGE 
2008 04     11.650      0.380 GAGE 
2008 05     11.440      0.370 GAGE 
2008 06     11.160      0.390 GAGE 
2008 07     10.890      0.380 GAGE 
2008 08     10.570      0.370 GAGE 
2008 09     10.440      0.350 GAGE 
